#head(Data)


  PatientID Electrode_1 Electrode_2 Electrode_3 Electrode_4 Electrode_5
1        p1  -0.9601242   0.2086753 -0.65093689   0.4827812    1.286203
2        p1  -0.2808979   4.0438597  0.80113289   5.0862642    8.126250
3        p1   5.3674311  14.4563738  7.38546407  16.8040393   23.402041
4        p1  12.6904467  27.9930275 15.67580482  32.6435239   43.982168
5        p1  13.8858161  36.3305005 17.04513486  44.9612921   61.407231
6        p1  -2.6426860  27.9103951 -0.03268716  42.0674003   62.977147
  Electrode_6 Electrode_7 Electrode_8 Electrode_9 Electrode_10 Electrode_11
1    0.303004   0.6832302   0.2805112   0.3145761    0.8086456   -0.8680976
2    4.098883   5.8832025   4.4268682   4.3438256    6.2303153   -0.6760163
3   14.294578  18.2710859  15.4736733  14.9998322   19.0950782    3.1783419
4   27.705668  34.0224474  30.0288237  29.2364628   36.0917209    7.5332909
5   35.540640  44.8676561  39.3632442  39.3189552   48.8256562    4.4172357
6   24.724196  39.5022575  29.7663686  34.6261857   45.8949959  -18.3789786
  Electrode_12 Electrode_13 Electrode_14 Electrode_15 Electrode_16
1     1.611150    0.1561839    0.7452976    0.8068864   -1.2599872
2     9.439772    3.7736308    6.0057431    6.2675434   -1.9367061
3    26.207159   13.8523585   18.5939454   19.0677421    0.7806898
4    48.522995   26.8928179   35.1483965   35.8535902    3.8670575
5    67.999744   34.0785498   47.9953311   48.4925639   -0.6943124
6    72.470547   24.2547624   46.4662219   45.5830467  -25.0829556
  Electrode_17 Electrode_18 Electrode_19 Electrode_20 Electrode_21
1     1.337066   -0.6202276     1.425185     0.831738    -1.071917
2     8.470254    0.8646140     8.799691     6.348829    -1.667129
3    24.033436    7.5270079    24.899754    19.217747     1.265723
4    44.561743   16.2043349    46.335288    36.156346     5.558449
5    61.819587   19.0137103    64.876079    48.707779     2.944474
6    63.423842    4.1729426    69.005708    44.697829   -19.575169
  Electrode_22 Electrode_23 Electrode_24 Electrode_25 Electrode_26
1    0.8977212  -0.07962544     1.394813     1.407395     2.369394
2    6.1837507   3.02993884     8.603543     8.763410    12.503386
3   17.5062293  12.01524148    24.164144    24.991822    33.088203
4   30.5853436  23.23882262    44.291636    47.124570    60.741326
5   36.6192422  28.20594750    60.617370    67.181571    86.997664
6   23.0030573  13.99188178    60.969373    72.360139    99.715918
  Electrode_27 Electrode_28 Electrode_29 Electrode_30 Electrode_31
1  0.005097646    -0.044238    0.1624363    0.9282158    0.8510059
2  3.212624620     2.698627    3.6404410    6.5422629    6.5765893
3 11.647413917    10.723914   12.7449675   19.4934619   19.8987739
4 21.152455187    20.765216   23.5528693   36.6014990   37.5120172
5 24.345839539    24.818275   27.4301509   49.4936913   51.5890269
6 10.758339818    10.185515   12.3171977   45.4596705   50.6125173
  Electrode_32 Electrode_33 Electrode_34 Electrode_35 Electrode_36
1     3.113907  -1.36247309    0.5222003   -0.5640079    0.3542494
2    15.600822  -2.31852036    5.0509607    0.9315790    4.4568125
3    40.430365  -0.01281312   16.2912924    7.3583056   14.9546421
4    74.472410   2.39682163   31.1209403   15.6854374   28.8354858
5   109.413418  -3.29391274   41.4281697   17.7825642   38.4939350
6   132.706680 -29.61341400   35.0536059    0.6132396   32.5753328
  Electrode_37 Electrode_38 Electrode_39 Electrode_40 Electrode_41
1    0.7791553     1.556591     1.280967  -0.82399285   0.06321476
2    6.1640115     9.233695     8.513226  -0.07004435   3.32074578
3   18.9761405    25.691414    24.846770   5.15158447  12.63819890
4   36.4057675    47.956843    47.193735  11.40879673  24.85137633
5   50.6035055    68.365097    67.145363  10.14290726  31.63439252
6   49.6092524    75.099376    71.536831 -10.73791034  20.65952987
  Electrode_42 Electrode_43 Electrode_44 Electrode_45 Electrode_46
1      7.91836     2.500141     1.194115    0.7995212   -1.1231995
2     31.67925    13.164459     7.752263    6.3193882   -0.8602122
3     71.29277    34.645430    22.542340   19.5434930    4.0139705
4    126.76839    63.343906    42.556542   37.0039367   11.0028455
5    198.11355    90.427281    59.882038   49.8000745   13.0380345
6    285.33423   103.495815    62.935489   45.0757740   -0.9092893
  Electrode_47 Electrode_48 Electrode_49 Electrode_50 Electrode_51
1      -999999      -999999      -999999      -999999      -999999
2      -999999      -999999      -999999      -999999      -999999
3      -999999      -999999      -999999      -999999      -999999
4      -999999      -999999      -999999      -999999      -999999
5      -999999      -999999      -999999      -999999      -999999
6      -999999      -999999      -999999      -999999      -999999
  Electrode_52 Electrode_53 Electrode_54 Electrode_55 Electrode_56
1      -999999      -999999      -999999      -999999      -999999
2      -999999      -999999      -999999      -999999      -999999
3      -999999      -999999      -999999      -999999      -999999
4      -999999      -999999      -999999      -999999      -999999
5      -999999      -999999      -999999      -999999      -999999
6      -999999      -999999      -999999      -999999      -999999
  Electrode_57 Electrode_58 Electrode_59 Electrode_60 Electrode_61
1      -999999      -999999      -999999      -999999      -999999
2      -999999      -999999      -999999      -999999      -999999
3      -999999      -999999      -999999      -999999      -999999
4      -999999      -999999      -999999      -999999      -999999
5      -999999      -999999      -999999      -999999      -999999
6      -999999      -999999      -999999      -999999      -999999
  Electrode_62 Electrode_63 Electrode_64 Stimulus_Type Stimulus_ID
1      -999999      -999999      -999999             0          -1
2      -999999      -999999      -999999             0          -1
3      -999999      -999999      -999999             0          -1
4      -999999      -999999      -999999             0          -1
5      -999999      -999999      -999999             0          -1
6      -999999      -999999      -999999             0          -1